{
 "cells": [
  {
   "cell_type": "markdown",
   "metadata": {},
   "source": [
    "**Imports**"
   ]
  },
  {
   "cell_type": "code",
   "execution_count": 1,
   "metadata": {},
   "outputs": [],
   "source": [
    "import copy\n",
    "import itertools as it\n",
    "import math\n",
    "\n",
    "import simple_reactions_lib.core.core_classes as coreHelp\n",
    "import simple_reactions_lib.core.core_units as unitHelp\n",
    "\n",
    "import simple_reactions_lib.standard.drive_reactions as reactDriver\n",
    "import simple_reactions_lib.standard.mg_reactions as mgReactHelp\n"
   ]
  },
  {
   "cell_type": "markdown",
   "metadata": {},
   "source": [
    "**Configuration variables**"
   ]
  },
  {
   "cell_type": "code",
   "execution_count": 2,
   "metadata": {},
   "outputs": [],
   "source": [
    "\n",
    "STEP_SIZE = 1\n",
    "STEPS_PER_GRADIENT_CHECK = 5000\n",
    "GRADIENT_TOLERANCE = 1e-7 / STEP_SIZE \n",
    "\n",
    "#Barriers and prefactors etc\n",
    "TAFEL_BARRIER = 1.04\n",
    "TAFEL_PREFACTOR = 1e14\n",
    "\n",
    "VOLMER_BARRIER = 1.06\n",
    "VOLMER_PREFACTOR = 1e13\n",
    "\n",
    "CATH_DESORP_BARRIER = 1.9\n",
    "CATH_DESSORP_PREFACTOR = 1e13\n",
    "CATH_SYM_FACTOR = 0.5\n",
    "CATH_U0 = -0.83\n",
    "\n",
    "OH_ASSIST_DISSOL_BARRIER = 1.51\n",
    "OH_ASSIST_DISSOL_PREFACTOR = 1e13\n",
    "OH_ASSIST_DISSOL_SYM_FACTOR = 0.5\n",
    "OH_ASSIST_DISSOL_U0 = -2.38\n",
    "\n",
    "#General reaction conditions\n",
    "PH = 11\n",
    "# PH = 7\n",
    "TEMPERATURE = 298\n",
    "POTENTIAL = -1.4 \n",
    "MG_2PLUS_CONC = 2e-5 #This is a molar concentration; used in Nernst equation only\n",
    "\n",
    "#The varying potentials we will run this at\n",
    "#POTENTIALS = [-1.4,-1.8, -2.0, -2.2, -2.4, -2.6] #Should be relative to NHE\n",
    "\n",
    "POTENTIALS = [0.1*x for x in range(-26,-14)]\n"
   ]
  },
  {
   "cell_type": "markdown",
   "metadata": {},
   "source": [
    "**Setup the starting reactants**"
   ]
  },
  {
   "cell_type": "code",
   "execution_count": 3,
   "metadata": {},
   "outputs": [],
   "source": [
    "freeMg = coreHelp.ChemSpeciesStd(\"free\"  , 1.0)\n",
    "hAds   = coreHelp.ChemSpeciesStd(\"h_ads\" , 0.0)\n",
    "ohAds  = coreHelp.ChemSpeciesStd(\"oh_ads\", 0.0)\n",
    "\n",
    "\n",
    "fixedMgTwoPlus = coreHelp.ChemSpeciesStd(\"fixed_mg_2+\", MG_2PLUS_CONC)\n",
    "\n",
    "\n",
    "startReactants = [freeMg, hAds, ohAds, fixedMgTwoPlus]"
   ]
  },
  {
   "cell_type": "markdown",
   "metadata": {},
   "source": [
    "**Setup all the reactions**"
   ]
  },
  {
   "cell_type": "code",
   "execution_count": 4,
   "metadata": {},
   "outputs": [],
   "source": [
    "tafelReaction = mgReactHelp.TafelReaction(TAFEL_BARRIER, TAFEL_PREFACTOR)\n",
    "volmerReaction = mgReactHelp.VolmerReaction(VOLMER_BARRIER, VOLMER_PREFACTOR)\n",
    "cathDesorptReaction = mgReactHelp.CathodicOHDesorption(CATH_DESORP_BARRIER, CATH_DESSORP_PREFACTOR, CATH_SYM_FACTOR, CATH_U0)\n",
    "ohAssistDissol = mgReactHelp.OHAssistedDissolution_Taylor2016(OH_ASSIST_DISSOL_BARRIER, OH_ASSIST_DISSOL_PREFACTOR, OH_ASSIST_DISSOL_SYM_FACTOR, OH_ASSIST_DISSOL_U0)\n",
    "\n",
    "\n",
    "\n",
    "REACTIONS = [tafelReaction, volmerReaction, cathDesorptReaction, ohAssistDissol]\n"
   ]
  },
  {
   "cell_type": "markdown",
   "metadata": {},
   "source": [
    "**Create a callback function so we can track something**"
   ]
  },
  {
   "cell_type": "code",
   "execution_count": 5,
   "metadata": {},
   "outputs": [],
   "source": [
    "def tempCallbackFunct(instance):\n",
    "    step = instance.step\n",
    "    if step%5000 == 0:\n",
    "        freeConc = [x.conc for x in instance.currentReactants if x.name==\"free\"]\n",
    "        hAds = [x.conc for x in instance.currentReactants if x.name==\"h_ads\"]\n",
    "        ohAds = [x.conc for x in instance.currentReactants if x.name==\"oh_ads\"]\n",
    "        total = sum(freeConc + hAds + ohAds)\n",
    "        args = [step, freeConc, hAds, ohAds, total]\n",
    "        print(\"step = {}; [free]={}, [h_ads]={}, [oh_ads]={}, total={}\".format(*args) )\n",
    "        \n",
    "        "
   ]
  },
  {
   "cell_type": "markdown",
   "metadata": {},
   "source": [
    "**Create our reaction controller**"
   ]
  },
  {
   "cell_type": "code",
   "execution_count": 6,
   "metadata": {},
   "outputs": [],
   "source": [
    "args = [ startReactants, REACTIONS, STEP_SIZE ]\n",
    "kwargs = {\"temperature\":TEMPERATURE, \"pH\":PH, \"callbackFunct\":tempCallbackFunct, \"potential\":POTENTIAL}\n",
    "CONTROLLER = coreHelp.ReactionControllerStandard(*args,**kwargs)"
   ]
  },
  {
   "cell_type": "markdown",
   "metadata": {},
   "source": [
    "**Get the steady state concentrations numerically at multiple potentials**"
   ]
  },
  {
   "cell_type": "code",
   "execution_count": 7,
   "metadata": {},
   "outputs": [],
   "source": [
    "reactDriver.runControllerUntilSteadyState?"
   ]
  },
  {
   "cell_type": "code",
   "execution_count": 8,
   "metadata": {},
   "outputs": [
    {
     "name": "stdout",
     "output_type": "stream",
     "text": [
      "step = 0; [free]=[1.0], [h_ads]=[0.0], [oh_ads]=[0.0], total=1.0\n",
      "step = 5000; [free]=[0.9422083552362732], [h_ads]=[0.05288022429666024], [oh_ads]=[0.004911420467068567], total=1.000000000000002\n",
      "step = 10000; [free]=[0.9060735965034628], [h_ads]=[0.08939869978698745], [oh_ads]=[0.004527703709551887], total=1.000000000000002\n",
      "step = 15000; [free]=[0.8853085669824442], [h_ads]=[0.11038037941864604], [oh_ads]=[0.00431105359891636], total=1.0000000000000067\n",
      "step = 20000; [free]=[0.8746248583018953], [h_ads]=[0.12117440049015736], [oh_ads]=[0.004200741207953436], total=1.000000000000006\n",
      "step = 25000; [free]=[0.8694399435042747], [h_ads]=[0.12641256211953264], [oh_ads]=[0.004147494376201732], total=1.000000000000009\n",
      "step = 30000; [free]=[0.8669950314503567], [h_ads]=[0.12888251614746668], [oh_ads]=[0.00412245240218866], total=1.000000000000012\n",
      "step = 35000; [free]=[0.8658578060300095], [h_ads]=[0.13003137504599535], [oh_ads]=[0.0041108189240102126], total=1.000000000000015\n",
      "step = 0; [free]=[1.0], [h_ads]=[0.0], [oh_ads]=[0.0], total=1.0\n",
      "step = 5000; [free]=[0.9213879104318262], [h_ads]=[0.051582343352974354], [oh_ads]=[0.027029746215197034], total=0.9999999999999977\n",
      "step = 10000; [free]=[0.8834664203705561], [h_ads]=[0.08651477739448894], [oh_ads]=[0.030018802234949123], total=0.9999999999999942\n",
      "step = 15000; [free]=[0.8638378635680222], [h_ads]=[0.10686950789960811], [oh_ads]=[0.029292628532365854], total=0.9999999999999961\n",
      "step = 20000; [free]=[0.8539368056458713], [h_ads]=[0.11760879444986572], [oh_ads]=[0.02845439990426167], total=0.9999999999999987\n",
      "step = 25000; [free]=[0.8490880696815016], [h_ads]=[0.12297142144066152], [oh_ads]=[0.02794050887783344], total=0.9999999999999966\n",
      "step = 30000; [free]=[0.8467555074803114], [h_ads]=[0.12557504999523447], [oh_ads]=[0.027669442524450433], total=0.9999999999999963\n",
      "step = 35000; [free]=[0.8456435394531752], [h_ads]=[0.12682187010776436], [oh_ads]=[0.027534590439058943], total=0.9999999999999984\n",
      "step = 0; [free]=[1.0], [h_ads]=[0.0], [oh_ads]=[0.0], total=1.0\n",
      "step = 5000; [free]=[0.9016578488923808], [h_ads]=[0.05077135526181283], [oh_ads]=[0.047570795845809845], total=1.0000000000000036\n",
      "step = 10000; [free]=[0.8388362971730012], [h_ads]=[0.08306420752888435], [oh_ads]=[0.07809949529812121], total=1.0000000000000067\n",
      "step = 15000; [free]=[0.8013125143572649], [h_ads]=[0.10046266140215741], [oh_ads]=[0.0982248242405809], total=1.0000000000000033\n",
      "step = 20000; [free]=[0.7792871484620184], [h_ads]=[0.10879717271847464], [oh_ads]=[0.11191567881951285], total=1.000000000000006\n",
      "step = 25000; [free]=[0.7661220674215485], [h_ads]=[0.11238574104052715], [oh_ads]=[0.12149219153793137], total=1.000000000000007\n",
      "step = 30000; [free]=[0.7579665419043373], [h_ads]=[0.11369735077635076], [oh_ads]=[0.12833610731931966], total=1.0000000000000078\n",
      "step = 35000; [free]=[0.7527068651036374], [h_ads]=[0.11398999089563841], [oh_ads]=[0.13330314400073087], total=1.0000000000000067\n",
      "step = 40000; [free]=[0.7491861669250571], [h_ads]=[0.11386707551582634], [oh_ads]=[0.1369467575591214], total=1.0000000000000049\n",
      "step = 45000; [free]=[0.7467555548634368], [h_ads]=[0.11360533362615932], [oh_ads]=[0.13963911151040834], total=1.0000000000000044\n",
      "step = 50000; [free]=[0.7450368496772298], [h_ads]=[0.11332475416733012], [oh_ads]=[0.14163839615544874], total=1.0000000000000087\n",
      "step = 55000; [free]=[0.7437998009569846], [h_ads]=[0.11307221908768669], [oh_ads]=[0.1431279799553365], total=1.0000000000000078\n",
      "step = 60000; [free]=[0.7428980172265135], [h_ads]=[0.11286167109797654], [oh_ads]=[0.14424031167551457], total=1.0000000000000047\n",
      "step = 65000; [free]=[0.74223471486879], [h_ads]=[0.11269308108703051], [oh_ads]=[0.1450722040441823], total=1.0000000000000027\n",
      "step = 70000; [free]=[0.7417437760678005], [h_ads]=[0.11256121686842538], [oh_ads]=[0.14569500706377608], total=1.000000000000002\n",
      "step = 0; [free]=[1.0], [h_ads]=[0.0], [oh_ads]=[0.0], total=1.0\n",
      "step = 5000; [free]=[0.8972219390470682], [h_ads]=[0.0506097922429835], [oh_ads]=[0.05216826870995003], total=1.0000000000000016\n",
      "step = 10000; [free]=[0.8243313944251853], [h_ads]=[0.08215474914734115], [oh_ads]=[0.0935138564274734], total=0.9999999999999998\n",
      "step = 15000; [free]=[0.7740015408366978], [h_ads]=[0.09829660385291085], [oh_ads]=[0.12770185531039385], total=1.0000000000000024\n",
      "step = 20000; [free]=[0.7379483505544543], [h_ads]=[0.10507345573280463], [oh_ads]=[0.15697819371274252], total=1.0000000000000016\n",
      "step = 25000; [free]=[0.7104230264265667], [h_ads]=[0.10693482916183694], [oh_ads]=[0.1826421444115969], total=1.0000000000000007\n",
      "step = 30000; [free]=[0.6881104795118729], [h_ads]=[0.10642504179662744], [oh_ads]=[0.20546447869150186], total=1.0000000000000022\n",
      "step = 35000; [free]=[0.6692090097805047], [h_ads]=[0.10485407371665284], [oh_ads]=[0.22593691650284803], total=1.0000000000000056\n",
      "step = 40000; [free]=[0.6527320680767994], [h_ads]=[0.1028663604556985], [oh_ads]=[0.24440157146750335], total=1.0000000000000013\n",
      "step = 45000; [free]=[0.6381131139297743], [h_ads]=[0.10077129615966426], [oh_ads]=[0.2611155899105646], total=1.000000000000003\n",
      "step = 50000; [free]=[0.6250025472815895], [h_ads]=[0.09871362494605991], [oh_ads]=[0.2762838277723562], total=1.0000000000000058\n",
      "step = 55000; [free]=[0.6131662094651186], [h_ads]=[0.09675770078861905], [oh_ads]=[0.29007608974626387], total=1.0000000000000013\n",
      "step = 60000; [free]=[0.6024344728675702], [h_ads]=[0.09492871165238753], [oh_ads]=[0.30263681548004256], total=1.0000000000000002\n",
      "step = 65000; [free]=[0.5926761629617406], [h_ads]=[0.09323289066594055], [oh_ads]=[0.3140909463723189], total=1.0\n",
      "step = 70000; [free]=[0.5837847455619853], [h_ads]=[0.09166748817255523], [oh_ads]=[0.32454776626545784], total=0.9999999999999984\n",
      "step = 75000; [free]=[0.5756706787008593], [h_ads]=[0.09022571993076761], [oh_ads]=[0.3341036013683674], total=0.9999999999999942\n",
      "step = 80000; [free]=[0.5682569416171598], [h_ads]=[0.08889922521115567], [oh_ads]=[0.3428438331716772], total=0.9999999999999927\n",
      "step = 85000; [free]=[0.5614762541362575], [h_ads]=[0.0876792778904477], [oh_ads]=[0.35084446797329066], total=0.9999999999999958\n",
      "step = 90000; [free]=[0.5552692310375482], [h_ads]=[0.08655736784777258], [oh_ads]=[0.3581734011146734], total=0.9999999999999942\n",
      "step = 95000; [free]=[0.5495830779495319], [h_ads]=[0.08552546299963054], [oh_ads]=[0.36489145905083203], total=0.9999999999999944\n",
      "step = 100000; [free]=[0.5443706177917286], [h_ads]=[0.08457610974456023], [oh_ads]=[0.37105327246370273], total=0.9999999999999916\n",
      "step = 105000; [free]=[0.5395895307165277], [h_ads]=[0.08370245275252573], [oh_ads]=[0.37670801653093555], total=0.999999999999989\n",
      "step = 110000; [free]=[0.535201739997175], [h_ads]=[0.0828982158525812], [oh_ads]=[0.38190004415023265], total=0.9999999999999889\n",
      "step = 115000; [free]=[0.5311729030810127], [h_ads]=[0.08215766557070397], [oh_ads]=[0.3866694313482688], total=0.9999999999999856\n",
      "step = 120000; [free]=[0.527471981951882], [h_ads]=[0.08147556836002705], [oh_ads]=[0.3910524496880729], total=0.999999999999982\n",
      "step = 125000; [free]=[0.5240708755572572], [h_ads]=[0.08084714706465271], [oh_ads]=[0.39508197737807205], total=0.9999999999999819\n",
      "step = 130000; [free]=[0.5209441022222878], [h_ads]=[0.08026803927297982], [oh_ads]=[0.39878785850471365], total=0.9999999999999812\n",
      "step = 135000; [free]=[0.5180685232083208], [h_ads]=[0.079734258709116], [oh_ads]=[0.40219721808254816], total=0.9999999999999849\n",
      "step = 140000; [free]=[0.5154231006927749], [h_ads]=[0.07924216003402872], [oh_ads]=[0.4053347392731789], total=0.9999999999999825\n",
      "step = 145000; [free]=[0.5129886848992112], [h_ads]=[0.07878840703947051], [oh_ads]=[0.40822290806129696], total=0.9999999999999787\n",
      "step = 150000; [free]=[0.5107478261437025], [h_ads]=[0.07836994403513589], [oh_ads]=[0.41088222982113776], total=0.9999999999999761\n",
      "step = 155000; [free]=[0.5086846083330495], [h_ads]=[0.07798397015527758], [oh_ads]=[0.4133314215116491], total=0.9999999999999762\n",
      "step = 160000; [free]=[0.5067845010392055], [h_ads]=[0.07762791629260533], [oh_ads]=[0.4155875826681661], total=0.9999999999999769\n",
      "step = 165000; [free]=[0.5050342277367177], [h_ads]=[0.07729942437643582], [oh_ads]=[0.4176663478868226], total=0.999999999999976\n",
      "step = 170000; [free]=[0.5034216481606035], [h_ads]=[0.07699632873365045], [oh_ads]=[0.419582023105718], total=0.999999999999972\n",
      "step = 175000; [free]=[0.5019356530439316], [h_ads]=[0.07671663929713098], [oh_ads]=[0.421347707658911], total=0.9999999999999736\n"
     ]
    },
    {
     "name": "stdout",
     "output_type": "stream",
     "text": [
      "step = 180000; [free]=[0.5005660697431732], [h_ads]=[0.07645852645289607], [oh_ads]=[0.4229754038039035], total=0.9999999999999728\n",
      "step = 185000; [free]=[0.4993035774667844], [h_ads]=[0.07622030734220184], [oh_ads]=[0.4244761151909839], total=0.99999999999997\n",
      "step = 190000; [free]=[0.4981396309962256], [h_ads]=[0.07600043345756069], [oh_ads]=[0.4258599355461824], total=0.9999999999999687\n",
      "step = 195000; [free]=[0.4970663919356668], [h_ads]=[0.07579747939176526], [oh_ads]=[0.4271361286725384], total=0.9999999999999705\n",
      "step = 200000; [free]=[0.49607666665132333], [h_ads]=[0.07561013261660723], [oh_ads]=[0.4283132007320418], total=0.9999999999999724\n",
      "step = 205000; [free]=[0.49516385016781816], [h_ads]=[0.07543718418327157], [oh_ads]=[0.429398965648881], total=0.9999999999999708\n",
      "step = 210000; [free]=[0.4943218753800714], [h_ads]=[0.07527752024961525], [oh_ads]=[0.4304006043702839], total=0.9999999999999705\n",
      "step = 215000; [free]=[0.4935451670175786], [h_ads]=[0.07513011435095625], [oh_ads]=[0.4313247186314349], total=0.9999999999999698\n",
      "step = 220000; [free]=[0.49282859986548644], [h_ads]=[0.07499402034086339], [oh_ads]=[0.4321773797936186], total=0.9999999999999685\n",
      "step = 225000; [free]=[0.4921674608052703], [h_ads]=[0.07486836593694855], [oh_ads]=[0.43296417325775166], total=0.9999999999999705\n",
      "step = 230000; [free]=[0.49155741428851313], [h_ads]=[0.07475234681404765], [oh_ads]=[0.4336902388974087], total=0.9999999999999696\n",
      "step = 235000; [free]=[0.4909944709013092], [h_ads]=[0.07464522119354608], [oh_ads]=[0.43436030790511365], total=0.9999999999999689\n",
      "step = 240000; [free]=[0.4904749587152224], [h_ads]=[0.07454630488319691], [oh_ads]=[0.43497873640154733], total=0.9999999999999667\n",
      "step = 245000; [free]=[0.48999549715430696], [h_ads]=[0.0744549667265941], [oh_ads]=[0.43554953611906694], total=0.999999999999968\n",
      "step = 250000; [free]=[0.48955297313706114], [h_ads]=[0.07437062442572405], [oh_ads]=[0.4360764024371797], total=0.9999999999999649\n",
      "step = 0; [free]=[1.0], [h_ads]=[0.0], [oh_ads]=[0.0], total=1.0\n",
      "step = 5000; [free]=[0.896542385382331], [h_ads]=[0.050585525498445506], [oh_ads]=[0.05287208911922605], total=1.0000000000000027\n",
      "step = 10000; [free]=[0.8219477650597163], [h_ads]=[0.08201114614367244], [oh_ads]=[0.09604108879661627], total=1.000000000000005\n",
      "step = 15000; [free]=[0.7691972127788073], [h_ads]=[0.09793688878601327], [oh_ads]=[0.13286589843518096], total=1.0000000000000016\n",
      "step = 20000; [free]=[0.7301844578586155], [h_ads]=[0.10442270938365691], [oh_ads]=[0.1653928327577306], total=1.000000000000003\n",
      "step = 25000; [free]=[0.6992855362841568], [h_ads]=[0.10593245958724327], [oh_ads]=[0.19478200412860067], total=1.0000000000000007\n",
      "step = 30000; [free]=[0.6732797228937203], [h_ads]=[0.10501866709518319], [oh_ads]=[0.22170161001109756], total=1.0000000000000009\n",
      "step = 35000; [free]=[0.6504378493995248], [h_ads]=[0.10299770191125968], [oh_ads]=[0.24656444868922137], total=1.0000000000000058\n",
      "step = 40000; [free]=[0.6298299282530989], [h_ads]=[0.10052014320397855], [oh_ads]=[0.26964992854292785], total=1.0000000000000053\n",
      "step = 45000; [free]=[0.6109343989927236], [h_ads]=[0.09790140785876944], [oh_ads]=[0.29116419314851244], total=1.0000000000000056\n",
      "step = 50000; [free]=[0.5934381672902508], [h_ads]=[0.09529192210498952], [oh_ads]=[0.3112699106047684], total=1.0000000000000087\n",
      "step = 55000; [free]=[0.5771372277006348], [h_ads]=[0.09276120324596313], [oh_ads]=[0.3301015690534116], total=1.0000000000000095\n",
      "step = 60000; [free]=[0.5618871973871254], [h_ads]=[0.09033901124414011], [oh_ads]=[0.3477737913687451], total=1.0000000000000107\n",
      "step = 65000; [free]=[0.5475782407835577], [h_ads]=[0.08803556584239874], [oh_ads]=[0.36438619337405764], total=1.0000000000000142\n",
      "step = 70000; [free]=[0.5341219763059085], [h_ads]=[0.08585156662447732], [oh_ads]=[0.38002645706962757], total=1.0000000000000133\n",
      "step = 75000; [free]=[0.521444364135725], [h_ads]=[0.08378320541235366], [oh_ads]=[0.39477243045193794], total=1.0000000000000167\n",
      "step = 80000; [free]=[0.5094816488219072], [h_ads]=[0.081824690059718], [oh_ads]=[0.4086936611183894], total=1.0000000000000147\n",
      "step = 85000; [free]=[0.49817790766376485], [h_ads]=[0.07996951574866627], [oh_ads]=[0.42185257658758113], total=1.0000000000000122\n",
      "step = 90000; [free]=[0.4874834730728015], [h_ads]=[0.0782110985594738], [oh_ads]=[0.4343054283677366], total=1.000000000000012\n",
      "step = 95000; [free]=[0.47735385070890046], [h_ads]=[0.07654308140166764], [oh_ads]=[0.4461030678894439], total=1.000000000000012\n",
      "step = 100000; [free]=[0.46774893267374945], [h_ads]=[0.07495947084603148], [oh_ads]=[0.4572915964802321], total=1.0000000000000129\n",
      "step = 105000; [free]=[0.4586323959272685], [h_ads]=[0.07345468690350454], [oh_ads]=[0.46791291716923983], total=1.0000000000000129\n",
      "step = 110000; [free]=[0.4499712236582849], [h_ads]=[0.07202356863178522], [oh_ads]=[0.47800520770994315], total=1.0000000000000133\n",
      "step = 115000; [free]=[0.4417353128439113], [h_ads]=[0.07066135812815656], [oh_ads]=[0.4876033290279426], total=1.0000000000000104\n",
      "step = 120000; [free]=[0.433897145282158], [h_ads]=[0.06936367479521494], [oh_ads]=[0.4967391799226381], total=1.000000000000011\n",
      "step = 125000; [free]=[0.426431507364396], [h_ads]=[0.06812648610535668], [oh_ads]=[0.5054420065302612], total=1.0000000000000138\n",
      "step = 130000; [free]=[0.41931524855019425], [h_ads]=[0.06694607806468234], [oh_ads]=[0.5137386733851378], total=1.0000000000000144\n",
      "step = 135000; [free]=[0.4125270713793857], [h_ads]=[0.06581902695393936], [oh_ads]=[0.5216539016666886], total=1.0000000000000138\n",
      "step = 140000; [free]=[0.40604734768904815], [h_ads]=[0.06474217305463738], [oh_ads]=[0.5292104792563288], total=1.0000000000000142\n",
      "step = 145000; [free]=[0.39985795692493503], [h_ads]=[0.06371259660705139], [oh_ads]=[0.5364294464680305], total=1.0000000000000169\n",
      "step = 150000; [free]=[0.39394214328729893], [h_ads]=[0.0627275960075911], [oh_ads]=[0.5433302607051254], total=1.0000000000000153\n",
      "step = 155000; [free]=[0.3882843890671151], [h_ads]=[0.06178466813482363], [oh_ads]=[0.5499309427980743], total=1.000000000000013\n",
      "step = 160000; [free]=[0.38287030199119026], [h_ads]=[0.06088149064103305], [oh_ads]=[0.556248207367787], total=1.0000000000000102\n",
      "step = 165000; [free]=[0.3776865147521909], [h_ads]=[0.06001590602893102], [oh_ads]=[0.5622975792188905], total=1.0000000000000124\n",
      "step = 170000; [free]=[0.37272059518307016], [h_ads]=[0.05918590733425562], [oh_ads]=[0.5680934974826847], total=1.0000000000000104\n",
      "step = 175000; [free]=[0.3679609657642747], [h_ads]=[0.058389625245102744], [oh_ads]=[0.5736494089906282], total=1.0000000000000058\n",
      "step = 180000; [free]=[0.3633968313399235], [h_ads]=[0.05762531650290185], [oh_ads]=[0.5789778521571776], total=1.0000000000000029\n",
      "step = 185000; [free]=[0.3590181140750904], [h_ads]=[0.05689135344516605], [oh_ads]=[0.5840905324797465], total=1.0000000000000029\n",
      "step = 190000; [free]=[0.3548153948169772], [h_ads]=[0.056186214565115515], [oh_ads]=[0.5889983906179106], total=1.0000000000000033\n",
      "step = 195000; [free]=[0.3507798601331135], [h_ads]=[0.05550847597728087], [oh_ads]=[0.5937116638896106], total=1.0000000000000049\n",
      "step = 200000; [free]=[0.34690325439340186], [h_ads]=[0.05485680369095298], [oh_ads]=[0.598239941915651], total=1.0000000000000058\n",
      "step = 205000; [free]=[0.34317783634292814], [h_ads]=[0.05422994660475966], [oh_ads]=[0.6025922170523179], total=1.0000000000000058\n",
      "step = 210000; [free]=[0.33959633968105224], [h_ads]=[0.05362673014579542], [oh_ads]=[0.6067769301731577], total=1.0000000000000053\n",
      "step = 215000; [free]=[0.33615193722133085], [h_ads]=[0.05304605048565171], [oh_ads]=[0.6108020122930189], total=1.0000000000000013\n",
      "step = 220000; [free]=[0.3328382082579342], [h_ads]=[0.0524868692735611], [oh_ads]=[0.6146749224685039], total=0.9999999999999991\n",
      "step = 225000; [free]=[0.32964910880827225], [h_ads]=[0.0519482088337341], [oh_ads]=[0.6184026823579913], total=0.9999999999999977\n",
      "step = 230000; [free]=[0.3265789444400384], [h_ads]=[0.05142914778002613], [oh_ads]=[0.621991907779931], total=0.9999999999999954\n",
      "step = 235000; [free]=[0.3236223454241844], [h_ads]=[0.050928817006340915], [oh_ads]=[0.6254488375694691], total=0.9999999999999944\n",
      "step = 240000; [free]=[0.3207742439845307], [h_ads]=[0.050446396015834206], [oh_ads]=[0.6287793599996276], total=0.9999999999999926\n"
     ]
    },
    {
     "name": "stdout",
     "output_type": "stream",
     "text": [
      "step = 245000; [free]=[0.318029853440245], [h_ads]=[0.04998110955604544], [oh_ads]=[0.6319890370037008], total=0.9999999999999912\n",
      "step = 250000; [free]=[0.3153846490596827], [h_ads]=[0.04953222453066677], [oh_ads]=[0.6350831264096415], total=0.9999999999999909\n",
      "step = 255000; [free]=[0.3128343504637806], [h_ads]=[0.04909904716181813], [oh_ads]=[0.6380666023743907], total=0.9999999999999895\n",
      "step = 260000; [free]=[0.3103749054344272], [h_ads]=[0.04868092037946062], [oh_ads]=[0.6409441741861006], total=0.9999999999999885\n",
      "step = 265000; [free]=[0.30800247499842537], [h_ads]=[0.04827722141704462], [oh_ads]=[0.6437203035845197], total=0.9999999999999897\n",
      "step = 270000; [free]=[0.3057134196711692], [h_ads]=[0.04788735959464535], [oh_ads]=[0.6463992207341701], total=0.9999999999999847\n",
      "step = 275000; [free]=[0.3035042867559719], [h_ads]=[0.04751077427276449], [oh_ads]=[0.6489849389712449], total=0.9999999999999813\n",
      "step = 280000; [free]=[0.30137179860555285], [h_ads]=[0.047146932961670995], [oh_ads]=[0.6514812684327561], total=0.99999999999998\n",
      "step = 285000; [free]=[0.2993128417615461], [h_ads]=[0.046795329572667535], [oh_ads]=[0.6538918286657704], total=0.999999999999984\n",
      "step = 290000; [free]=[0.29732445689616277], [h_ads]=[0.04645548279901017], [oh_ads]=[0.6562200603048118], total=0.9999999999999848\n",
      "step = 295000; [free]=[0.29540382948760174], [h_ads]=[0.04612693461540429], [oh_ads]=[0.658469235896976], total=0.999999999999982\n",
      "step = 300000; [free]=[0.29354828116732484], [h_ads]=[0.04580924888606805], [oh_ads]=[0.6606424699465858], total=0.9999999999999787\n",
      "step = 305000; [free]=[0.2917552616832566], [h_ads]=[0.04550201007230445], [oh_ads]=[0.66274272824442], total=0.9999999999999811\n",
      "step = 310000; [free]=[0.2900223414282085], [h_ads]=[0.04520482203137616], [oh_ads]=[0.6647728365404028], total=0.9999999999999873\n",
      "step = 315000; [free]=[0.28834720448755397], [h_ads]=[0.044917306899239055], [oh_ads]=[0.6667354886131995], total=0.9999999999999926\n",
      "step = 320000; [free]=[0.28672764216440405], [h_ads]=[0.04463910405037895], [oh_ads]=[0.6686332537852032], total=0.9999999999999862\n",
      "step = 325000; [free]=[0.28516154694433116], [h_ads]=[0.04436986912860003], [oh_ads]=[0.6704685839270573], total=0.9999999999999885\n",
      "step = 330000; [free]=[0.28364690686507715], [h_ads]=[0.04410927314317698], [oh_ads]=[0.6722438199917364], total=0.9999999999999906\n",
      "step = 335000; [free]=[0.28218180025980194], [h_ads]=[0.043857001625273485], [oh_ads]=[0.6739611981149144], total=0.9999999999999898\n",
      "step = 340000; [free]=[0.2807643908451549], [h_ads]=[0.04361275383997723], [oh_ads]=[0.6756228553148553], total=0.9999999999999875\n",
      "step = 345000; [free]=[0.2793929231279412], [h_ads]=[0.043376242049711224], [oh_ads]=[0.677230834822338], total=0.9999999999999905\n",
      "step = 350000; [free]=[0.2780657181064366], [h_ads]=[0.04314719082513769], [oh_ads]=[0.6787870910684163], total=0.9999999999999906\n",
      "step = 355000; [free]=[0.2767811692444685], [h_ads]=[0.042925336400011005], [oh_ads]=[0.6802934943555139], total=0.9999999999999933\n",
      "step = 360000; [free]=[0.2755377386981263], [h_ads]=[0.04271042606672718], [oh_ads]=[0.6817518352351387], total=0.9999999999999922\n",
      "step = 365000; [free]=[0.2743339537767613], [h_ads]=[0.042502217609592274], [oh_ads]=[0.6831638286136412], total=0.9999999999999948\n",
      "step = 370000; [free]=[0.2731684036213611], [h_ads]=[0.04230047877307711], [oh_ads]=[0.6845311176055588], total=0.9999999999999971\n",
      "step = 375000; [free]=[0.27203973608480214], [h_ads]=[0.042104986762549895], [oh_ads]=[0.6858552771526442], total=0.9999999999999962\n",
      "step = 380000; [free]=[0.27094665479974894], [h_ads]=[0.041915527775178006], [oh_ads]=[0.6871378174250697], total=0.9999999999999967\n",
      "step = 385000; [free]=[0.2698879164210583], [h_ads]=[0.04173189655888259], [oh_ads]=[0.6883801870200562], total=0.9999999999999971\n",
      "step = 390000; [free]=[0.26886232803063154], [h_ads]=[0.04155389599738732], [oh_ads]=[0.6895837759719747], total=0.9999999999999936\n",
      "step = 395000; [free]=[0.2678687446936225], [h_ads]=[0.041381336719564454], [oh_ads]=[0.6907499185868047], total=0.9999999999999916\n",
      "step = 400000; [free]=[0.2669060671556728], [h_ads]=[0.04121403673142325], [oh_ads]=[0.6918798961128988], total=0.9999999999999949\n",
      "step = 405000; [free]=[0.2659732396717536], [h_ads]=[0.04105182106920022], [oh_ads]=[0.6929749392590415], total=0.9999999999999953\n",
      "step = 410000; [free]=[0.2650692479578555], [h_ads]=[0.04089452147214564], [oh_ads]=[0.6940362305699931], total=0.9999999999999942\n",
      "step = 415000; [free]=[0.2641931172574437], [h_ads]=[0.040741976073695535], [oh_ads]=[0.6950649066688571], total=0.9999999999999963\n",
      "step = 420000; [free]=[0.26334391051515355], [h_ads]=[0.04059402910982039], [oh_ads]=[0.6960620603750168], total=0.9999999999999908\n",
      "step = 425000; [free]=[0.262520726650852], [h_ads]=[0.04045053064343332], [oh_ads]=[0.6970287427057071], total=0.9999999999999925\n",
      "step = 430000; [free]=[0.2617226989276044], [h_ads]=[0.04031133630381799], [oh_ads]=[0.6979659647685686], total=0.9999999999999911\n",
      "step = 435000; [free]=[0.2609489934076217], [h_ads]=[0.04017630704012086], [oh_ads]=[0.6988746995522499], total=0.9999999999999925\n",
      "step = 440000; [free]=[0.2601988074906244], [h_ads]=[0.04004530888801101], [oh_ads]=[0.6997558836213611], total=0.9999999999999964\n",
      "step = 445000; [free]=[0.25947136852953107], [h_ads]=[0.03991821274868662], [oh_ads]=[0.7006104187217821], total=0.9999999999999998\n",
      "step = 450000; [free]=[0.2587659325186787], [h_ads]=[0.039794894179452735], [oh_ads]=[0.7014391733018664], total=0.9999999999999979\n",
      "step = 455000; [free]=[0.25808178285016387], [h_ads]=[0.039675233195165194], [oh_ads]=[0.702242983954663], total=0.999999999999992\n",
      "step = 460000; [free]=[0.2574182291341551], [h_ads]=[0.03955911407987], [oh_ads]=[0.7030226567859659], total=0.9999999999999909\n",
      "step = 465000; [free]=[0.25677460607934977], [h_ads]=[0.03944642520802357], [oh_ads]=[0.7037789687126192], total=0.9999999999999926\n",
      "step = 470000; [free]=[0.2561502724299959], [h_ads]=[0.039337058874718736], [oh_ads]=[0.7045126686952783], total=0.9999999999999929\n",
      "step = 475000; [free]=[0.25554460995614336], [h_ads]=[0.039230911134381756], [oh_ads]=[0.7052244789094665], total=0.9999999999999916\n",
      "step = 480000; [free]=[0.2549570224940266], [h_ads]=[0.03912788164743572], [oh_ads]=[0.7059150958585246], total=0.9999999999999869\n",
      "step = 485000; [free]=[0.25438693503364446], [h_ads]=[0.03902787353447376], [oh_ads]=[0.7065851914318665], total=0.9999999999999847\n",
      "step = 490000; [free]=[0.2538337928508338], [h_ads]=[0.03893079323749906], [oh_ads]=[0.7072354139116572], total=0.99999999999999\n",
      "step = 495000; [free]=[0.2532970606813356], [h_ads]=[0.038836550387829086], [oh_ads]=[0.7078663889308272], total=0.9999999999999919\n",
      "step = 500000; [free]=[0.2527762219344472], [h_ads]=[0.03874505768028478], [oh_ads]=[0.7084787203852596], total=0.9999999999999916\n",
      "step = 505000; [free]=[0.25227077794405056], [h_ads]=[0.03865623075331064], [oh_ads]=[0.7090729913026315], total=0.9999999999999927\n",
      "step = 510000; [free]=[0.25178024725494363], [h_ads]=[0.038569988074693355], [oh_ads]=[0.7096497646703548], total=0.9999999999999918\n",
      "step = 515000; [free]=[0.25130416494254704], [h_ads]=[0.038486250832567626], [oh_ads]=[0.7102095842248776], total=0.9999999999999922\n",
      "step = 520000; [free]=[0.2508420819641354], [h_ads]=[0.038404942831420576], [oh_ads]=[0.7107529752044355], total=0.9999999999999915\n",
      "step = 525000; [free]=[0.2503935645399045], [h_ads]=[0.03832599039282267], [oh_ads]=[0.7112804450672697], total=0.9999999999999969\n",
      "step = 530000; [free]=[0.2499581935622745], [h_ads]=[0.03824932226062697], [oh_ads]=[0.7117924841770908], total=0.9999999999999923\n",
      "step = 0; [free]=[1.0], [h_ads]=[0.0], [oh_ads]=[0.0], total=1.0\n",
      "step = 5000; [free]=[0.8964460382198861], [h_ads]=[0.05058209480262727], [oh_ads]=[0.052971866977487556], total=1.0000000000000009\n",
      "step = 10000; [free]=[0.8216062742829089], [h_ads]=[0.08199069502597543], [oh_ads]=[0.09640303069111625], total=1.0000000000000007\n",
      "step = 15000; [free]=[0.7685017108157401], [h_ads]=[0.0978852754463909], [oh_ads]=[0.1336130137378692], total=1.0000000000000002\n",
      "step = 20000; [free]=[0.7290488113424519], [h_ads]=[0.10432862233715168], [oh_ads]=[0.16662256632039896], total=1.0000000000000027\n"
     ]
    },
    {
     "name": "stdout",
     "output_type": "stream",
     "text": [
      "step = 25000; [free]=[0.6976395886029534], [h_ads]=[0.10578641443161481], [oh_ads]=[0.19657399696542896], total=0.9999999999999972\n",
      "step = 30000; [free]=[0.6710654717050825], [h_ads]=[0.10481217684461501], [oh_ads]=[0.22412235145029832], total=0.9999999999999958\n",
      "step = 35000; [free]=[0.6476066935563523], [h_ads]=[0.10272304531614421], [oh_ads]=[0.24967026112750035], total=0.9999999999999968\n",
      "step = 40000; [free]=[0.626340644630025], [h_ads]=[0.1001703529842788], [oh_ads]=[0.27348900238569324], total=0.9999999999999971\n",
      "step = 45000; [free]=[0.6067516762447586], [h_ads]=[0.09747027442989802], [oh_ads]=[0.29577804932534496], total=1.0000000000000016\n",
      "step = 50000; [free]=[0.5885315377961896], [h_ads]=[0.09477396333065881], [oh_ads]=[0.31669449887314827], total=0.9999999999999967\n",
      "step = 55000; [free]=[0.571480272066094], [h_ads]=[0.09215160589335587], [oh_ads]=[0.33636812204054733], total=0.9999999999999972\n",
      "step = 60000; [free]=[0.5554569340726517], [h_ads]=[0.08963355932421212], [oh_ads]=[0.35490950660313186], total=0.9999999999999958\n",
      "step = 65000; [free]=[0.5403546436689971], [h_ads]=[0.08723056739732488], [oh_ads]=[0.37241478893367785], total=0.9999999999999999\n",
      "step = 70000; [free]=[0.5260875835098869], [h_ads]=[0.08494378541151605], [oh_ads]=[0.3889686310785993], total=1.0000000000000022\n",
      "step = 75000; [free]=[0.5125839543760623], [h_ads]=[0.08276980022869249], [oh_ads]=[0.40464624539524696], total=1.0000000000000018\n",
      "step = 80000; [free]=[0.4997819695770529], [h_ads]=[0.08070316229794573], [oh_ads]=[0.41951486812500205], total=1.0000000000000007\n",
      "step = 85000; [free]=[0.4876274442889502], [h_ads]=[0.0787376647016916], [oh_ads]=[0.433634891009356], total=0.9999999999999978\n",
      "step = 90000; [free]=[0.47607225107830187], [h_ads]=[0.07686698356196903], [oh_ads]=[0.4470607653597297], total=1.0000000000000004\n",
      "step = 95000; [free]=[0.4650732653729206], [h_ads]=[0.07508498979939529], [oh_ads]=[0.4598417448276858], total=1.0000000000000018\n",
      "step = 100000; [free]=[0.45459160147959743], [h_ads]=[0.07338589084541881], [oh_ads]=[0.47202250767498294], total=0.9999999999999991\n",
      "step = 105000; [free]=[0.4445920302376101], [h_ads]=[0.07176428447460301], [oh_ads]=[0.4836436852877843], total=0.9999999999999973\n",
      "step = 110000; [free]=[0.43504251671491745], [h_ads]=[0.07021516777023241], [oh_ads]=[0.49474231551484643], total=0.9999999999999962\n",
      "step = 115000; [free]=[0.42591384169498503], [h_ads]=[0.06873392390457653], [oh_ads]=[0.5053522344004285], total=0.9999999999999901\n",
      "step = 120000; [free]=[0.41717928464087145], [h_ads]=[0.06731629872602674], [oh_ads]=[0.5155044166330932], total=0.9999999999999913\n",
      "step = 125000; [free]=[0.4088143537253108], [h_ads]=[0.06595837346620476], [oh_ads]=[0.5252272728084734], total=0.9999999999999889\n",
      "step = 130000; [free]=[0.40079655315158413], [h_ads]=[0.06465653683826646], [oh_ads]=[0.5345469100101403], total=0.9999999999999909\n",
      "step = 135000; [free]=[0.393105180816003], [h_ads]=[0.06340745816059785], [oh_ads]=[0.5434873610233873], total=0.9999999999999882\n",
      "step = 140000; [free]=[0.38572115115908845], [h_ads]=[0.06220806225915739], [oh_ads]=[0.5520707865817409], total=0.9999999999999867\n",
      "step = 145000; [free]=[0.37862683924474233], [h_ads]=[0.06105550643125115], [oh_ads]=[0.560317654323994], total=0.9999999999999876\n",
      "step = 150000; [free]=[0.3718059429330511], [h_ads]=[0.059947159507082695], [oh_ads]=[0.5682468975598528], total=0.9999999999999866\n",
      "step = 155000; [free]=[0.3652433606085716], [h_ads]=[0.05888058292166291], [oh_ads]=[0.5758760564697537], total=0.9999999999999882\n",
      "step = 160000; [free]=[0.35892508237192444], [h_ads]=[0.05785351365279143], [oh_ads]=[0.5832214039752729], total=0.9999999999999888\n",
      "step = 165000; [free]=[0.3528380929464241], [h_ads]=[0.05686384886010979], [oh_ads]=[0.5902980581934553], total=0.9999999999999891\n",
      "step = 170000; [free]=[0.3469702848234471], [h_ads]=[0.05590963205857843], [oh_ads]=[0.5971200831179663], total=0.9999999999999918\n",
      "step = 175000; [free]=[0.341310380389567], [h_ads]=[0.054989040667655795], [oh_ads]=[0.6037005789427696], total=0.9999999999999925\n",
      "step = 180000; [free]=[0.33584786195827615], [h_ads]=[0.05410037478976181], [oh_ads]=[0.6100517632519545], total=0.9999999999999925\n",
      "step = 185000; [free]=[0.3305729087782412], [h_ads]=[0.05324204708540426], [oh_ads]=[0.6161850441363446], total=0.99999999999999\n",
      "step = 190000; [free]=[0.32547634021504723], [h_ads]=[0.05241257362618013], [oh_ads]=[0.6221110861587626], total=0.99999999999999\n",
      "step = 195000; [free]=[0.320549564408789], [h_ads]=[0.05161056561990828], [oh_ads]=[0.6278398699712929], total=0.9999999999999902\n",
      "step = 200000; [free]=[0.3157845317996248], [h_ads]=[0.05083472191414462], [oh_ads]=[0.633380746286219], total=0.9999999999999885\n",
      "step = 205000; [free]=[0.31117369298990843], [h_ads]=[0.0500838221951036], [oh_ads]=[0.6387424848149775], total=0.9999999999999896\n",
      "step = 210000; [free]=[0.3067099604771718], [h_ads]=[0.0493567208086101], [oh_ads]=[0.6439333187142086], total=0.9999999999999905\n",
      "step = 215000; [free]=[0.30238667384883644], [h_ads]=[0.04865234113819255], [oh_ads]=[0.6489609850129591], total=0.999999999999988\n",
      "step = 220000; [free]=[0.2981975680783763], [h_ads]=[0.04796967048289762], [oh_ads]=[0.6538327614387102], total=0.999999999999984\n",
      "step = 225000; [free]=[0.29413674460494543], [h_ads]=[0.04730775538397548], [oh_ads]=[0.6585555000110639], total=0.9999999999999848\n",
      "step = 230000; [free]=[0.2901986449153379], [h_ads]=[0.04666569735534901], [oh_ads]=[0.6631356577293009], total=0.9999999999999879\n",
      "step = 235000; [free]=[0.2863780263791654], [h_ads]=[0.046042648977838906], [oh_ads]=[0.6675793246429846], total=0.9999999999999889\n",
      "step = 240000; [free]=[0.28266994011609603], [h_ads]=[0.0454378103215613], [oh_ads]=[0.6718922495623324], total=0.9999999999999898\n",
      "step = 245000; [free]=[0.2790697106984947], [h_ads]=[0.04485042566481802], [oh_ads]=[0.6760798636366768], total=0.9999999999999896\n",
      "step = 250000; [free]=[0.2755729175143159], [h_ads]=[0.04427978048123125], [oh_ads]=[0.680147302004441], total=0.9999999999999881\n",
      "step = 255000; [free]=[0.2721753776338652], [h_ads]=[0.04372519866990672], [oh_ads]=[0.6840994236962202], total=0.9999999999999921\n",
      "step = 260000; [free]=[0.268873130040769], [h_ads]=[0.04318604000607], [oh_ads]=[0.687940829953153], total=0.999999999999992\n",
      "step = 265000; [free]=[0.2656624211020386], [h_ads]=[0.04266169779198269], [oh_ads]=[0.6916758811059733], total=0.9999999999999947\n",
      "step = 270000; [free]=[0.26253969116510234], [h_ads]=[0.04215159669002325], [oh_ads]=[0.6953087121448713], total=0.9999999999999969\n",
      "step = 275000; [free]=[0.25950156218114845], [h_ads]=[0.041655190721670475], [oh_ads]=[0.6988432470971796], total=0.9999999999999984\n",
      "step = 280000; [free]=[0.2565448262642101], [h_ads]=[0.0411719614177592], [oh_ads]=[0.7022832123180264], total=0.9999999999999957\n",
